4294967294,0
4294967279,292
4294967278,55
4294967278,54
4294967278,53
4294967278,52
4294967279,75
4294967279,74
4294967279,70
4294967279,69
4294967279,67
4294967279,66
4294967279,65
4294967279,64
4294967294,600
4294967294,596
4294967294,1028
4294967294,1038
4294967294,695
4294967294,1037
4294967294,694
4294967294,676
4294967294,1051
4294967294,1050
4294967294,1044
4294967294,1052
4294967294,1046
4294967294,1042
4294967294,1047
4294967294,1041
4294967294,680
4294967294,678
4294967294,577
4294967294,606
4294967294,589
4294967294,114
4294967294,391
4294967294,109
4294967294,108
4294967294,167
4294967294,427
4294967294,14
4294967294,20
4294967294,13
4294967279,289
4294967279,406
4294967279,405
4294967279,441
4294967279,287
4294967279,404
4294967279,290
4294967279,286
4294967279,431
4294967294,457
4294967279,435
4294967279,284
4294967278,385
4294967279,403
4294967294,458
4294967294,46
4294967279,440
4294967294,2
4294967279,280
4294967279,278
4294967294,1
4294967294,455
4294967278,330
4294967278,329
4294967294,17
4294967294,42
4294967294,99
4294967294,76
4294967294,41
4294967294,456
4294967294,424
4294967278,328
4294967278,384
4294967279,450
4294967278,256
4294967294,162
4294967294,423
4294967294,161
4294967294,159
19,4
23,6
23,4
4294967279,61
4294967279,59
4294967278,255
4294967278,326
2,4
25,6
4294967278,296
4294967278,251
4294967279,58
4294967279,57
4294967279,56
4294967279,55
4294967279,53
4294967278,248
4294967278,247
4294967278,245
4294967294,587
4294967278,325
4294967279,52
4294967279,51
4294967278,324
4294967278,241
4294967278,239
4294967279,50
4294967279,48
4294967279,47
4294967278,237
4294967278,235
25,5
4294967279,298
4294967279,44
4294967279,43
4294967279,41
4294967279,39
4294967279,38
4294967279,36
4294967279,35
4294967279,33
4294967279,32
4294967279,30
4294967279,29
4294967279,27
4294967279,25
4294967279,24
4294967279,22
4294967279,21
4294967279,19
4294967279,18
4294967279,16
4294967279,15
4294967279,14
4294967278,232
26,12
4294967278,231
4294967278,229
4294967278,227
4294967278,225
4294967278,223
4294967278,221
4294967278,323
4294967278,261
4294967278,259
4294967278,322
4294967279,449
4294967278,321
26,11
4294967279,448
4294967278,320
4294967278,319
4294967278,318
4294967278,383
4294967278,317
26,10
4294967278,351
4294967278,316
4294967278,350
4294967279,269
4294967278,382
4294967278,315
4294967278,381
26,9
4294967278,380
4294967278,314
4294967278,313
4294967278,312
4294967278,379
4294967278,311
4294967279,447
4294967279,410
4294967278,378
4294967278,346
4294967278,0
4294967294,594
4294967278,349
4294967278,348
4294967278,347
4294967278,193
4294967294,1424
4294967294,30
4294967294,1218
4294967294,150
4294967294,149
4294967294,147
4294967294,146
4294967294,141
4294967294,130
4294967294,1066
4294967294,1064
4294967294,1063
4294967294,1062
4294967294,1061
4294967294,60
4294967294,67
4294967294,93
4294967294,95
4294967294,50
4294967294,428
4294967294,43
4294967294,420
4294967294,51
4294967294,52
4294967294,472
4294967294,92
4294967294,88
2,5
4294967294,429
4294967294,81
4294967294,18
4294967294,1165
4294967294,82
4294967294,83
4294967278,132
4294967278,131
4294967278,130
4294967278,129
4294967278,128
4294967278,127
4294967278,126
4294967278,125
4294967278,124
4294967278,123
4294967278,122
4294967278,121
4294967278,120
4294967278,119
4294967278,118
4294967278,117
4294967278,116
4294967278,115
4294967278,114
4294967278,113
4294967278,112
4294967278,111
4294967278,110
4294967278,109
4294967278,108
4294967278,107
4294967278,106
4294967278,105
4294967278,104
4294967278,103
4294967278,102
4294967278,101
4294967278,100
4294967278,99
4294967278,98
4294967278,97
4294967278,96
4294967278,95
4294967278,94
4294967278,93
4294967278,92
4294967278,91
4294967278,90
4294967278,89
4294967278,87
4294967278,86
4294967278,85
4294967278,84
4294967278,83
4294967278,82
4294967278,81
4294967278,80
4294967278,79
4294967278,364
4294967278,363
4294967279,73
4294967279,46
4294967279,45
4294967279,42
4294967279,40
4294967279,260
4294967279,37
4294967279,34
4294967279,31
4294967279,28
4294967279,26
4294967279,23
4294967279,20
4294967279,17
4294967279,13
4294967279,12
4294967279,11
4294967279,10
4294967279,9
4294967279,8
4294967279,7
4294967279,6
4294967279,5
4294967279,4
4294967294,22
4294967294,7
4294967294,6
4294967294,126
4294967294,12
4294967294,127
4294967294,25
4294967294,154
4294967294,26
4294967294,1280
4294967294,68
4294967294,11
4294967278,192
4294967278,78
4294967278,310
4294967278,191
4294967278,77
4294967278,309
4294967278,190
4294967279,191
4294967278,76
4294967278,308
4294967278,189
4294967279,446
4294967278,377
4294967278,75
4294967278,188
4294967279,189
4294967278,74
4294967278,307
4294967278,187
4294967278,376
4294967278,73
4294967278,186
4294967278,375
4294967278,72
